file2
17879197447905195
18176017570034437
18167641498064066
17862125216285511
18051528562300479
18127466188146233
17905530199594720
17911285351538252
17881823632898825
17879280100913291
17874613250053989
17979818434324274
18146398843129850
17887895416831731
17864526575183009
18161193865073668
17858535188328207
18161106931079055
17849480342413831
17874249875067091
17860103618269279
17857981553307986
18179704747049672
17903473078595693
17875920161015239
17846207273488041
17854870286347519
18081240307233311
17864232317204876
17868956063144358
17849864912455833
17897632441665748
17887719487828815
17877542338957427
18162198946072769
17849317007476387
17850359276394136
17877186194002398
17866824815133256
17877342337995287
18132457393184737
17853829337371764
17859422990320422
17848081976449689
17896129069713089
17875159598035279
17907703627566462
17899492048634732
17850428738392650
17934876052432228
17887046995812521
17862136031266375
18039860719283141
17911234072528977
17904615010605875
17876174321019719
17882150137924681
17893497319736645
17864392868198274
17852189189394457
17914266013520394
17881757431931438
17854563842368214
17882122723888159
17875443911028925
17884611445888619
18094650442207739
18128263357179599
17880095818945382
17887370254792906
17877556330996752
17887035733804920
17892643867742730
17877620101991947
18130711774134939
17874869798044741
17854579265353485
17908869208543344
17960994436366623
17852105006390923
17847978908442834
17853900338372984
17843729480493412
18176721259027426
17847894041453905
17853936929372692
17911269334527654
17866353413178296
17911452706550569
17861733578291901